Model kfold train1
Accuracy MVDD: [1. 1. 1. 1. 1.]

Model kfold train2
Accuracy MVDD: [0.8258427  0.5        0.96629213 0.69662921 0.03370787]

Model kfold train3
Accuracy MVDD: [1.         0.98870056 0.98870056 1.         0.97740113]

Model kfold train4
Accuracy MVDD: [0.99435028 0.99435028 0.98870056 0.99435028 0.98305085]

Model kfold train5
Accuracy MVDD: [1.         0.98870056 0.99435028 0.99435028 0.98870056]

Per Fold Lists
Sensitivity List
[nan  1.  1.  1.  1.]
[0. 1. 0. 0. 0.]
[       nan 1.         1.         1.         0.97674419]
[       nan 0.66666667 0.         1.         0.99415205]
[       nan 0.66666667 0.5        0.         1.        ]

Specificity List
[1. 1. 1. 1. 1.]
[0.83050847 0.49431818 0.97175141 0.70454545 1.        ]
[1.         0.98857143 0.98863636 1.         1.        ]
[0.99435028 1.         1.         0.99431818 0.66666667]
[1.         0.99425287 1.         1.         0.66666667]

PPV List
[nan  1.  1.  1.  1.]
[0.         0.02197802 0.         0.                nan]
[       nan 0.5        0.33333333 1.         1.        ]
[0.         1.                nan 0.5        0.98837209]
[       nan 0.66666667 1.                nan 0.98843931]

NPV List
[1. 1. 1. 1. 1.]
[0.99324324 1.         0.99421965 0.98412698 0.03370787]
[1.         1.         1.         1.         0.55555556]
[1.         0.99428571 0.98870056 1.         0.8       ]
[1.         0.99425287 0.99431818 0.99435028 1.        ]

FPR List
[0. 0. 0. 0. 0.]
[0.16949153 0.50568182 0.02824859 0.29545455 0.        ]
[0.         0.01142857 0.01136364 0.         0.        ]
[0.00564972 0.         0.         0.00568182 0.33333333]
[0.         0.00574713 0.         0.         0.33333333]

FNR List
[nan  0.  0.  0.  0.]
[1. 0. 1. 1. 1.]
[       nan 0.         0.         0.         0.02325581]
[       nan 0.33333333 1.         0.         0.00584795]
[       nan 0.33333333 0.5        1.         0.        ]

Accuracy List
[1. 1. 1. 1. 1.]
[0.8258427  0.5        0.96629213 0.69662921 0.03370787]
[1.         0.98870056 0.98870056 1.         0.97740113]
[0.99435028 0.99435028 0.98870056 0.99435028 0.98305085]
[1.         0.98870056 0.99435028 0.99435028 0.98870056]

AUC Averaged across all classes PER fold
1.0,0.5001123523369285,0.994243997281788,0.7902254452418925,0.728448275862069

AUC List for all folds and classes
[nan, 1.0, 1.0, 1.0, 1.0]
[0.4152542372881356, 0.7471590909090908, 0.4858757062146893, 0.3522727272727273, 0.5]
[nan, 0.9942857142857142, 0.9943181818181819, 1.0, 0.9883720930232558]
[nan, 0.8333333333333333, 0.5, 0.9971590909090908, 0.8304093567251463]
[nan, 0.8304597701149424, 0.75, 0.5, 0.8333333333333334]

*****Averaged Final Classification Results*****
Sensitivity (TPR): 0.657(±0.874)
Specificity (TNR): 0.932(±0.277)
Precision (PPV): 0.632(±0.850)
Negative Predictive Value (NPV): 0.933(±0.412)
FPR: 0.068(±0.277)
FNR: 0.343(±0.874)
Accuracy: 0.916(±0.426)
Averaged AUC: 0.788(±0.452)
