Model kfold train1
Accuracy MVDD: [1. 1. 1. 1. 1.]

Model kfold train2
Accuracy MVDD: [0.90449438 0.89325843 0.98314607 0.97752809 0.99438202]

Model kfold train3
Accuracy MVDD: [1.         0.97740113 0.99435028 1.         0.98305085]

Model kfold train4
Accuracy MVDD: [1.         0.98870056 0.99435028 0.99435028 0.98870056]

Model kfold train5
Accuracy MVDD: [1.         0.98870056 0.98870056 0.99435028 0.99435028]

Per Fold Lists
Sensitivity List
[nan  1.  1.  1.  1.]
[0.         0.90697674 0.         0.         0.        ]
[       nan 0.97674419 1.         1.         1.        ]
[       nan 1.         0.66666667 1.         0.        ]
[       nan 1.         0.66666667 0.         0.5       ]

Specificity List
[1. 1. 1. 1. 1.]
[0.90960452 0.5        0.99431818 0.98863636 1.        ]
[1.         1.         0.99428571 1.         0.98295455]
[1.         0.66666667 1.         0.99431818 1.        ]
[1.         0.66666667 0.99425287 1.         1.        ]

PPV List
[nan  1.  1.  1.  1.]
[0.         0.98113208 0.         0.                nan]
[       nan 1.         0.66666667 1.         0.25      ]
[       nan 0.98843931 1.         0.5               nan]
[       nan 0.98843931 0.66666667        nan 1.        ]

NPV List
[1. 1. 1. 1. 1.]
[0.99382716 0.15789474 0.98870056 0.98863636 0.99438202]
[1.         0.55555556 1.         1.         1.        ]
[1.         1.         0.99428571 1.         0.98870056]
[1.         1.         0.99425287 0.99435028 0.99431818]

FPR List
[0. 0. 0. 0. 0.]
[0.09039548 0.5        0.00568182 0.01136364 0.        ]
[0.         0.         0.00571429 0.         0.01704545]
[0.         0.33333333 0.         0.00568182 0.        ]
[0.         0.33333333 0.00574713 0.         0.        ]

FNR List
[nan  0.  0.  0.  0.]
[1.         0.09302326 1.         1.         1.        ]
[       nan 0.02325581 0.         0.         0.        ]
[       nan 0.         0.33333333 0.         1.        ]
[       nan 0.         0.33333333 1.         0.5       ]

Accuracy List
[1. 1. 1. 1. 1.]
[0.90449438 0.89325843 0.98314607 0.97752809 0.99438202]
[1.         0.97740113 0.99435028 1.         0.98305085]
[1.         0.98870056 0.99435028 0.99435028 0.98870056]
[1.         0.98870056 0.98870056 0.99435028 0.99435028]

AUC Averaged across all classes PER fold
1.0,0.5299535809414603,0.9942480557233464,0.7909564393939393,0.728448275862069

AUC List for all folds and classes
[nan, 1.0, 1.0, 1.0, 1.0]
[0.4548022598870056, 0.7034883720930232, 0.4971590909090909, 0.4943181818181818, 0.5]
[nan, 0.9883720930232558, 0.9971428571428572, 1.0, 0.9914772727272727]
[nan, 0.8333333333333334, 0.8333333333333333, 0.9971590909090908, 0.5]
[nan, 0.8333333333333334, 0.8304597701149424, 0.5, 0.75]

*****Averaged Final Classification Results*****
Sensitivity (TPR): 0.653(±0.868)
Specificity (TNR): 0.948(±0.257)
Precision (PPV): 0.725(±0.770)
Negative Predictive Value (NPV): 0.946(±0.365)
FPR: 0.052(±0.257)
FNR: 0.347(±0.868)
Accuracy: 0.986(±0.053)
Averaged AUC: 0.795(±0.423)
