Model kfold train1
Accuracy MVDD: [1. 1. 1. 1. 1.]

Model kfold train2
Accuracy MVDD: [1.         0.99438202 0.99438202 0.99438202 0.99438202]

Model kfold train3
Accuracy MVDD: [0.97740113 0.98870056 1.         0.98870056 1.        ]

Model kfold train4
Accuracy MVDD: [0.98870056 0.99435028 0.99435028 0.98870056 1.        ]

Model kfold train5
Accuracy MVDD: [0.98870056 0.98870056 0.99435028 0.99435028 1.        ]

Per Fold Lists
Sensitivity List
[ 1.  1.  1.  1. nan]
[1.  1.  0.5 1.  0. ]
[0.97674419 1.         1.         1.                nan]
[1.         0.66666667 1.         0.                nan]
[1.         0.66666667 0.         0.5               nan]

Specificity List
[1. 1. 1. 1. 1.]
[1.         0.99431818 1.         0.99435028 1.        ]
[1.         0.98857143 1.         0.98863636 1.        ]
[0.66666667 1.         0.99431818 1.         1.        ]
[0.66666667 0.99425287 1.         1.         1.        ]

PPV List
[ 1.  1.  1.  1. nan]
[1.         0.66666667 1.         0.5               nan]
[1.         0.5        1.         0.33333333        nan]
[0.98843931 1.         0.5               nan        nan]
[0.98843931 0.66666667        nan 1.                nan]

NPV List
[1. 1. 1. 1. 1.]
[1.         1.         0.99435028 1.         0.99438202]
[0.55555556 1.         1.         1.         1.        ]
[1.         0.99428571 1.         0.98870056 1.        ]
[1.         0.99425287 0.99435028 0.99431818 1.        ]

FPR List
[0. 0. 0. 0. 0.]
[0.         0.00568182 0.         0.00564972 0.        ]
[0.         0.01142857 0.         0.01136364 0.        ]
[0.33333333 0.         0.00568182 0.         0.        ]
[0.33333333 0.00574713 0.         0.         0.        ]

FNR List
[ 0.  0.  0.  0. nan]
[0.  0.  0.5 0.  1. ]
[0.02325581 0.         0.         0.                nan]
[0.         0.33333333 0.         1.                nan]
[0.         0.33333333 1.         0.5               nan]

Accuracy List
[1. 1. 1. 1. 1.]
[1.         0.99438202 0.99438202 0.99438202 0.99438202]
[0.97740113 0.98870056 1.         0.98870056 1.        ]
[0.98870056 0.99435028 0.99435028 0.98870056 1.        ]
[0.98870056 0.98870056 0.99435028 0.99435028 1.        ]

AUC Averaged across all classes PER fold
1.0,0.8488668464304057,0.994243997281788,0.7909564393939393,0.728448275862069

AUC List for all folds and classes
[1.0, 1.0, 1.0, 1.0, nan]
[1.0, 0.9971590909090908, 0.75, 0.9971751412429379, 0.5]
[0.9883720930232558, 0.9942857142857142, 1.0, 0.9943181818181819, nan]
[0.8333333333333334, 0.8333333333333333, 0.9971590909090908, 0.5, nan]
[0.8333333333333334, 0.8304597701149424, 0.5, 0.75, nan]

*****Averaged Final Classification Results*****
Sensitivity (TPR): 0.777(±0.714)
Specificity (TNR): 0.972(±0.180)
Precision (PPV): 0.841(±0.463)
Negative Predictive Value (NPV): 0.980(±0.174)
FPR: 0.028(±0.180)
FNR: 0.223(±0.714)
Accuracy: 0.995(±0.011)
Averaged AUC: 0.871(±0.349)
