Model kfold train1
Accuracy MVDD: [1.        1.        0.9047619 0.9047619 1.       ]

Model kfold train2
Accuracy MVDD: [1.         1.         0.92857143 0.92857143 1.        ]

Model kfold train3
Accuracy MVDD: [1.         1.         0.85714286 0.85714286 1.        ]

Model kfold train4
Accuracy MVDD: [1.         1.         0.90361446 0.90361446 1.        ]

Model kfold train5
Accuracy MVDD: [1.         1.         0.91566265 0.91566265 1.        ]

Per Fold Lists
Sensitivity List
[1.         1.         0.77777778 0.93103448 1.        ]
[1.         1.         0.85714286 0.93103448 1.        ]
[1.         1.         0.81481481 0.75862069 1.        ]
[1.         1.         0.92592593 0.79310345 1.        ]
[1.         1.         0.88888889 0.86206897 1.        ]

Specificity List
[1.         1.         0.96491228 0.89090909 1.        ]
[1.         1.         0.96428571 0.92727273 1.        ]
[1.         1.         0.87719298 0.90909091 1.        ]
[1.         1.         0.89285714 0.96296296 1.        ]
[1.         1.         0.92857143 0.94444444 1.        ]

PPV List
[1.         1.         0.91304348 0.81818182 1.        ]
[1.         1.         0.92307692 0.87096774 1.        ]
[1.         1.         0.75862069 0.81481481 1.        ]
[1.         1.         0.80645161 0.92       1.        ]
[1.         1.         0.85714286 0.89285714 1.        ]

NPV List
[1.         1.         0.90163934 0.96078431 1.        ]
[1.         1.         0.93103448 0.96226415 1.        ]
[1.         1.         0.90909091 0.87719298 1.        ]
[1.         1.         0.96153846 0.89655172 1.        ]
[1.         1.         0.94545455 0.92727273 1.        ]

FPR List
[0.         0.         0.03508772 0.10909091 0.        ]
[0.         0.         0.03571429 0.07272727 0.        ]
[0.         0.         0.12280702 0.09090909 0.        ]
[0.         0.         0.10714286 0.03703704 0.        ]
[0.         0.         0.07142857 0.05555556 0.        ]

FNR List
[0.         0.         0.22222222 0.06896552 0.        ]
[0.         0.         0.14285714 0.06896552 0.        ]
[0.         0.         0.18518519 0.24137931 0.        ]
[0.         0.         0.07407407 0.20689655 0.        ]
[0.         0.         0.11111111 0.13793103 0.        ]

Accuracy List
[1.        1.        0.9047619 0.9047619 1.       ]
[1.         1.         0.92857143 0.92857143 1.        ]
[1.         1.         0.85714286 0.85714286 1.        ]
[1.         1.         0.90361446 0.90361446 1.        ]
[1.         1.         0.91566265 0.91566265 1.        ]

AUC Averaged across all classes PER fold
0.9564633632147244,0.9679735781459918,0.9359719396017037,0.9574849480021894,0.9623973727422003

AUC List for all folds and classes
[1.0, 1.0, 0.871345029239766, 0.9109717868338557, 1.0]
[1.0, 1.0, 0.9107142857142857, 0.9291536050156739, 1.0]
[1.0, 1.0, 0.8460038986354776, 0.8338557993730407, 1.0]
[1.0, 1.0, 0.9093915343915345, 0.8780332056194127, 1.0]
[1.0, 1.0, 0.9087301587301587, 0.9032567049808429, 1.0]

*****Averaged Final Classification Results*****
Sensitivity (TPR): 0.942(±0.163)
Specificity (TNR): 0.970(±0.082)
Precision (PPV): 0.943(±0.155)
Negative Predictive Value (NPV): 0.971(±0.080)
FPR: 0.030(±0.082)
FNR: 0.058(±0.163)
Accuracy: 0.961(±0.101)
Averaged AUC: 0.956(±0.114)
