Model kfold train1
Accuracy MVDD: [0.76190476 0.94047619 0.66666667 0.80952381 0.94047619]

Model kfold train2
Accuracy MVDD: [0.71428571 0.95238095 0.55952381 0.79761905 0.92857143]

Model kfold train3
Accuracy MVDD: [0.76190476 0.95238095 0.63095238 0.8452381  0.95238095]

Model kfold train4
Accuracy MVDD: [0.73493976 0.97590361 0.59036145 0.75903614 0.95180723]

Model kfold train5
Accuracy MVDD: [0.80722892 0.89156627 0.71084337 0.85542169 0.89156627]

Per Fold Lists
Sensitivity List
[0.27777778 0.88888889 0.75       0.08333333 0.25      ]
[0.21052632 0.83333333 0.64516129 0.         0.25      ]
[0.52631579 0.83333333 0.58064516 0.16666667 0.75      ]
[0.47368421 0.94444444 0.41935484 0.27272727 0.        ]
[0.47368421 0.72222222 0.70967742 0.36363636 0.        ]

Specificity List
[0.89393939 0.95454545 0.61538462 0.93055556 0.975     ]
[0.86153846 0.98484848 0.50943396 0.93055556 0.9625    ]
[0.83076923 0.98484848 0.66037736 0.95833333 0.9625    ]
[0.8125     0.98461538 0.69230769 0.83333333 1.        ]
[0.90625    0.93846154 0.71153846 0.93055556 0.93670886]

PPV List
[0.41666667 0.84210526 0.54545455 0.16666667 0.33333333]
[0.30769231 0.9375     0.43478261 0.         0.25      ]
[0.47619048 0.9375     0.5        0.4        0.5       ]
[0.42857143 0.94444444 0.44827586 0.2               nan]
[0.6        0.76470588 0.59459459 0.44444444 0.        ]

NPV List
[0.81944444 0.96923077 0.8        0.85897436 0.96296296]
[0.78873239 0.95588235 0.71052632 0.84810127 0.9625    ]
[0.85714286 0.95588235 0.72916667 0.87341772 0.98717949]
[0.83870968 0.98461538 0.66666667 0.88235294 0.95180723]
[0.85294118 0.92424242 0.80434783 0.90540541 0.94871795]

FPR List
[0.10606061 0.04545455 0.38461538 0.06944444 0.025     ]
[0.13846154 0.01515152 0.49056604 0.06944444 0.0375    ]
[0.16923077 0.01515152 0.33962264 0.04166667 0.0375    ]
[0.1875     0.01538462 0.30769231 0.16666667 0.        ]
[0.09375    0.06153846 0.28846154 0.06944444 0.06329114]

FNR List
[0.72222222 0.11111111 0.25       0.91666667 0.75      ]
[0.78947368 0.16666667 0.35483871 1.         0.75      ]
[0.47368421 0.16666667 0.41935484 0.83333333 0.25      ]
[0.52631579 0.05555556 0.58064516 0.72727273 1.        ]
[0.52631579 0.27777778 0.29032258 0.63636364 1.        ]

Accuracy List
[0.76190476 0.94047619 0.66666667 0.80952381 0.94047619]
[0.71428571 0.95238095 0.55952381 0.79761905 0.92857143]
[0.76190476 0.95238095 0.63095238 0.8452381  0.95238095]
[0.73493976 0.97590361 0.59036145 0.75903614 0.95180723]
[0.80722892 0.89156627 0.71084337 0.85542169 0.89156627]

AUC Averaged across all classes PER fold
0.6619425019425019,0.6187897403652041,0.7253789358205621,0.6432967176664122,0.669273463205479

AUC List for all folds and classes
[0.5858585858585857, 0.9217171717171717, 0.6826923076923078, 0.5069444444444444, 0.6125]
[0.5360323886639676, 0.9090909090909092, 0.5772976262933658, 0.4652777777777778, 0.60625]
[0.6785425101214574, 0.9090909090909092, 0.6205112598904444, 0.5625, 0.85625]
[0.6430921052631579, 0.9645299145299145, 0.5558312655086849, 0.553030303030303, 0.5]
[0.6899671052631579, 0.8303418803418804, 0.7106079404466501, 0.6470959595959597, 0.46835443037974683]

*****Averaged Final Classification Results*****
Sensitivity (TPR): 0.457(±0.585)
Specificity (TNR): 0.870(±0.260)
Precision (PPV): 0.478(±0.522)
Negative Predictive Value (NPV): 0.874(±0.176)
FPR: 0.130(±0.260)
FNR: 0.543(±0.585)
Accuracy: 0.815(±0.243)
Averaged AUC: 0.664(±0.296)
